1 1 3.3
1 2 1.8
1 3 2.0
1 4 1.4
1 5 4.5
1 6 2.5
1 7 3.1
1 8 4.3
1 9 1.5
1 10 2.4
1 11 2.0
1 12 4.4
1 13 3.0
1 14 4.0
1 15 1.3
1 16 1.5
1 17 3.2
1 18 2.3
1 19 2.1
1 20 4.4
1 21 2.8
1 22 4.4
1 23 2.1
1 24 3.1
1 25 2.9
1 26 3.7
1 27 1.2
1 28 4.1
1 29 4.1
1 30 1.0
1 31 1.5
1 32 2.9
1 33 2.9
1 34 1.1
1 35 2.4
1 36 1.6
1 37 1.7
1 38 1.7
1 39 4.9
1 40 3.0
1 41 2.5
1 42 1.0
1 43 4.4
1 44 3.8
1 45 3.2
1 46 4.7
1 47 2.0
1 48 2.7
1 49 1.8
1 50 3.5
1 51 4.0
1 52 2.1
1 53 4.3
1 54 4.3
1 55 2.3
1 56 3.7
1 57 2.9
1 58 2.2
1 59 2.2
1 60 4.4
1 61 2.4
1 62 2.3
1 63 1.6
1 64 3.5
1 65 3.5
1 66 1.6
1 67 4.5
1 68 1.5
1 69 1.6
1 70 3.8
1 71 4.9
1 72 4.9
1 73 4.9
1 74 2.7
1 75 2.0
1 76 3.5
1 77 4.6
1 78 2.2
1 79 1.0
1 80 3.9
1 81 2.3
1 82 2.4
1 83 4.6
1 84 2.9
1 85 1.0
1 86 1.4
1 87 3.4
1 88 2.8
1 89 1.5
1 90 3.3
1 91 1.6
1 92 4.7
1 93 2.4
1 94 3.7
1 95 4.0
1 96 3.1
1 97 3.3
1 98 3.4
1 99 2.3
1 100 2.0
1 101 2.8
1 102 2.5
1 103 4.0
1 104 3.7
1 105 3.3
1 106 2.3
1 107 1.6
1 108 2.5
1 109 2.7
1 110 3.5
1 111 2.4
1 112 4.2
1 113 4.6
1 114 1.7
1 115 4.7
1 116 1.8
1 117 2.1
1 118 3.8
1 119 3.1
1 120 2.5
1 121 3.9
1 122 2.5
1 123 4.5
1 124 1.7
1 125 2.6
1 126 2.2
1 127 1.4
1 128 4.0
1 129 3.3
1 130 2.5
1 131 2.3
1 132 1.3
1 133 3.1
1 134 1.3
1 135 2.4
1 136 4.2
1 137 2.6
1 138 3.5
1 139 1.5
1 140 3.7
1 141 4.4
1 142 4.7
1 143 3.7
1 144 3.4
1 145 2.1
1 146 4.4
1 147 3.1
1 148 1.1
1 149 2.7
1 150 1.1
1 151 4.5
1 152 3.4
1 153 2.6
1 154 1.7
1 155 3.0
1 156 1.6
1 157 2.5
1 158 2.3
1 159 4.1
1 160 2.9
1 161 3.9
1 162 3.4
1 163 4.6
1 164 3.0
1 165 3.4
1 166 2.4
1 167 2.5
1 168 1.1
1 169 2.0
1 170 2.7
1 171 2.0
1 172 4.1
1 173 4.6
1 174 5.0
1 175 2.5
1 176 1.4
1 177 3.3
1 178 4.4
1 179 4.5
1 180 2.8
1 181 2.2
1 182 5.0
1 183 3.0
1 184 1.7
1 185 1.9
1 186 2.5
1 187 1.1
1 188 3.4
1 189 2.0
1 190 3.1
1 191 4.4
1 192 2.0
1 193 4.6
1 194 3.9
1 195 2.2
1 196 4.2
1 197 1.3
1 198 1.3
1 199 3.1
1 200 5.0
1 201 3.7
1 202 1.4
1 203 2.5
1 204 2.1
1 205 2.7
1 206 4.3
1 207 5.0
1 208 2.3
1 209 1.4
1 210 3.1
1 211 3.7
1 212 3.4
1 213 4.5
1 214 1.1
1 215 4.0
1 216 3.2
1 217 3.2
1 218 2.1
1 219 1.8
1 220 1.0
1 221 1.8
1 222 3.3
1 223 3.9
1 224 1.6
1 225 1.1
1 226 4.5
1 227 4.8
1 228 2.1
1 229 3.8
1 230 1.7
1 231 4.7
1 232 4.4
1 233 2.9
1 234 4.0
1 235 4.5
1 236 2.0
1 237 4.5
1 238 2.6
1 239 1.2
1 240 4.2
1 241 4.4
1 242 4.9
1 243 4.2
1 244 2.7
1 245 1.7
1 246 1.7
1 247 3.5
1 248 2.9
1 249 4.8
1 250 3.8
1 251 1.5
1 252 3.6
1 253 1.7
1 254 4.6
1 255 2.9
1 256 4.9
1 257 2.5
1 258 2.5
1 259 4.2
1 260 4.9
1 261 3.1
1 262 3.1
1 263 4.7
1 264 4.6
1 265 3.3
1 266 1.9
1 267 3.1
1 268 1.2
1 269 1.5
1 270 3.1
1 271 3.8
1 272 4.1
1 273 4.2
1 274 4.9
1 275 2.8
1 276 3.4
1 277 3.7
1 278 3.8
1 279 2.0
1 280 3.0
1 281 3.6
1 282 4.3
1 283 1.8
1 284 1.2
1 285 1.7
1 286 2.5
1 287 1.2
1 288 1.1
1 289 3.0
1 290 1.2
1 291 1.6
1 292 3.0
1 293 1.1
1 294 2.1
1 295 3.1
1 296 1.1
1 297 2.9
1 298 3.1
1 299 3.6
1 300 4.2
1 301 2.7
1 302 3.6
1 303 1.0
1 304 4.8
1 305 1.9
1 306 2.1
1 307 1.9
1 308 3.5
1 309 2.5
1 310 2.9
1 311 4.6
1 312 2.0
2 1 4.6
2 2 4.5
2 3 1.6
2 4 3.1
2 5 1.4
2 6 4.4
2 7 3.6
2 8 3.9
2 9 2.1
2 10 1.9
2 11 4.6
2 12 1.5
2 13 3.8
2 14 4.7
2 15 2.8
2 16 4.5
2 17 2.6
2 18 4.0
2 19 4.6
2 20 1.7
2 21 2.2
2 22 4.9
2 23 2.5
2 24 3.0
2 25 3.8
2 26 1.9
2 27 4.8
2 28 4.1
2 29 4.5
2 30 3.4
2 31 1.2
2 32 4.9
2 33 2.7
2 34 4.1
2 35 5.0
2 36 2.7
2 37 3.9
2 38 2.9
2 39 4.9
2 40 1.8
2 41 4.9
2 42 1.9
2 43 3.8
2 44 2.7
2 45 4.5
2 46 3.9
2 47 4.2
2 48 2.3
2 49 2.4
2 50 3.8
2 51 1.2
2 52 2.5
2 53 4.4
2 54 2.5
2 55 2.6
2 56 4.5
2 57 1.5
2 58 4.0
2 59 3.5
2 60 3.2
2 61 3.8
2 62 2.5
2 63 1.8
2 64 3.8
2 65 2.0
2 66 4.6
2 67 4.5
2 68 3.0
2 69 4.8
2 70 2.4
2 71 2.9
2 72 2.1
2 73 3.6
2 74 3.5
2 75 2.9
2 76 4.2
2 77 3.6
2 78 4.2
2 79 2.2
2 80 1.8
2 81 2.8
2 82 1.7
2 83 4.4
2 84 4.5
2 85 1.5
2 86 4.5
2 87 1.8
2 88 2.7
2 89 3.5
2 90 3.7
2 91 4.7
2 92 5.0
2 93 3.5
2 94 4.8
2 95 2.9
2 96 3.7
2 97 2.9
2 98 2.5
2 99 2.0
2 100 2.2
2 101 4.0
2 102 1.5
2 103 1.4
2 104 4.1
2 105 2.8
2 106 4.6
2 107 2.6
2 108 3.4
2 109 3.3
2 110 3.5
2 111 2.8
2 112 4.4
2 113 1.3
2 114 4.9
2 115 4.8
2 116 1.4
2 117 2.5
2 118 1.0
2 119 2.4
2 120 1.2
2 121 4.1
2 122 1.5
2 123 1.4
2 124 1.4
2 125 4.6
2 126 2.1
2 127 1.2
2 128 1.5
2 129 1.8
2 130 1.4
2 131 4.8
2 132 1.6
2 133 1.0
2 134 4.1
2 135 3.9
2 136 2.1
2 137 1.3
2 138 2.7
2 139 1.3
2 140 2.4
2 141 1.8
2 142 3.2
2 143 3.9
2 144 2.5
2 145 4.5
2 146 2.8
2 147 4.5
2 148 3.0
2 149 3.2
2 150 2.5
2 151 2.6
2 152 2.3
2 153 3.2
2 154 4.4
2 155 4.3
2 156 3.1
2 157 1.2
2 158 1.5
2 159 4.3
2 160 4.3
2 161 3.0
2 162 1.2
2 163 4.9
2 164 3.3
2 165 2.4
2 166 3.6
2 167 1.5
2 168 2.0
2 169 4.4
2 170 4.8
2 171 2.2
2 172 1.5
2 173 3.3
2 174 1.9
2 175 4.6
2 176 2.1
2 177 2.6
2 178 2.1
2 179 1.5
2 180 2.8
2 181 3.8
2 182 4.2
2 183 2.4
2 184 1.8
2 185 4.0
2 186 2.5
2 187 3.9
2 188 3.8
2 189 1.6
2 190 1.9
2 191 4.4
2 192 3.8
2 193 3.1
2 194 2.1
2 195 4.9
2 196 1.5
2 197 2.3
2 198 1.5
2 199 3.9
2 200 3.9
2 201 2.7
2 202 3.3
2 203 4.1
2 204 1.6
2 205 2.6
2 206 1.4
2 207 1.1
2 208 3.5
2 209 1.7
2 210 2.0
2 211 3.7
2 212 4.3
2 213 1.6
2 214 1.9
2 215 2.8
2 216 2.9
2 217 2.2
2 218 4.2
2 219 4.0
2 220 1.3
2 221 2.2
2 222 3.4
2 223 3.2
2 224 3.7
2 225 3.5
2 226 3.7
2 227 2.6
2 228 3.9
2 229 3.4
2 230 3.1
2 231 4.0
2 232 3.6
2 233 2.8
2 234 2.5
2 235 4.2
2 236 1.8
2 237 3.0
2 238 4.6
2 239 4.7
2 240 1.6
2 241 1.1
2 242 3.1
2 243 1.1
2 244 2.2
2 245 4.0
2 246 1.6
2 247 1.7
2 248 1.8
2 249 4.9
2 250 2.4
2 251 1.4
2 252 3.4
2 253 1.1
2 254 3.3
2 255 2.8
2 256 1.5
2 257 1.8
2 258 1.7
2 259 3.7
2 260 3.4
2 261 2.2
2 262 1.3
2 263 4.2
2 264 3.1
2 265 3.6
2 266 2.1
2 267 5.0
2 268 1.9
2 269 2.1
2 270 2.0
2 271 1.2
2 272 2.9
2 273 2.6
2 274 3.2
2 275 1.4
2 276 4.1
2 277 1.2
2 278 1.3
2 279 3.0
2 280 4.1
2 281 2.0
2 282 1.2
2 283 3.7
2 284 1.9
2 285 4.1
2 286 1.6
2 287 2.8
2 288 4.6
2 289 3.6
2 290 3.9
2 291 2.8
2 292 2.7
2 293 1.9
2 294 1.3
2 295 3.1
2 296 3.7
2 297 4.8
2 298 1.0
2 299 2.0
2 300 1.3
2 301 3.2
2 302 3.4
2 303 1.0
2 304 4.4
2 305 1.2
2 306 3.8
2 307 1.4
2 308 2.3
2 309 3.9
2 310 3.2
2 311 4.5
2 312 1.2
3 1 3.3
3 2 1.2
3 3 4.7
3 4 1.4
3 5 4.1
3 6 1.0
3 7 1.4
3 8 2.4
3 9 2.5
3 10 3.1
3 11 1.3
3 12 4.8
3 13 1.4
3 14 3.4
3 15 2.4
3 16 3.0
3 17 4.1
3 18 4.7
3 19 3.0
3 20 2.9
3 21 4.0
3 22 4.1
3 23 3.5
3 24 2.2
3 25 1.7
3 26 1.0
3 27 2.8
3 28 3.4
3 29 1.3
3 30 2.0
3 31 4.9
3 32 3.3
3 33 4.8
3 34 2.0
3 35 2.8
3 36 2.7
3 37 1.3
3 38 2.5
3 39 3.7
3 40 4.9
3 41 1.7
3 42 1.6
3 43 2.1
3 44 1.4
3 45 2.2
3 46 2.4
3 47 1.2
3 48 2.3
3 49 3.2
3 50 4.2
3 51 4.5
3 52 1.5
3 53 4.0
3 54 4.4
3 55 1.7
3 56 1.5
3 57 2.1
3 58 1.7
3 59 4.8
3 60 2.2
3 61 3.0
3 62 3.6
3 63 4.5
3 64 1.3
3 65 4.3
3 66 1.4
3 67 2.6
3 68 3.8
3 69 3.8
3 70 2.9
3 71 4.9
3 72 1.8
3 73 3.9
3 74 3.9
3 75 1.8
3 76 3.5
3 77 3.9
3 78 2.0
3 79 3.4
3 80 2.6
3 81 2.2
3 82 5.0
3 83 3.8
3 84 1.4
3 85 1.1
3 86 4.0
3 87 3.3
3 88 4.2
3 89 2.5
3 90 4.7
3 91 4.1
3 92 3.9
3 93 1.1
3 94 4.6
3 95 4.8
3 96 3.7
3 97 1.4
3 98 1.5
3 99 1.5
3 100 4.6
3 101 4.9
3 102 2.5
3 103 2.8
3 104 4.5
3 105 2.5
3 106 1.6
3 107 1.3
3 108 3.9
3 109 4.5
3 110 4.9
3 111 3.2
3 112 4.1
3 113 2.4
3 114 2.2
3 115 3.8
3 116 2.4
3 117 2.6
3 118 1.5
3 119 3.0
3 120 1.8
3 121 2.9
3 122 3.9
3 123 4.9
3 124 3.1
3 125 2.5
3 126 1.5
3 127 3.8
3 128 4.9
3 129 2.0
3 130 4.0
3 131 4.9
3 132 2.5
3 133 4.2
3 134 1.1
3 135 4.4
3 136 1.3
3 137 3.9
3 138 1.7
3 139 3.9
3 140 4.4
3 141 4.9
3 142 1.1
3 143 1.7
3 144 3.7
3 145 3.0
3 146 1.4
3 147 3.3
3 148 3.8
3 149 2.1
3 150 4.3
3 151 3.1
3 152 1.6
3 153 4.5
3 154 2.8
3 155 2.1
3 156 1.4
3 157 4.3
3 158 1.8
3 159 4.5
3 160 4.6
3 161 1.2
3 162 4.1
3 163 3.0
3 164 2.9
3 165 4.1
3 166 4.5
3 167 2.3
3 168 1.9
3 169 1.2
3 170 2.5
3 171 1.8
3 172 2.9
3 173 4.3
3 174 2.1
3 175 4.5
3 176 2.1
3 177 1.8
3 178 2.0
3 179 1.2
3 180 2.9
3 181 3.3
3 182 2.8
3 183 1.7
3 184 3.4
3 185 1.3
3 186 1.5
3 187 4.1
3 188 1.2
3 189 4.0
3 190 1.1
3 191 4.7
3 192 3.5
3 193 4.7
3 194 4.6
3 195 1.3
3 196 4.4
3 197 2.5
3 198 1.9
3 199 4.4
3 200 4.7
3 201 3.7
3 202 2.9
3 203 4.1
3 204 2.7
3 205 4.3
3 206 3.3
3 207 4.3
3 208 4.1
3 209 2.1
3 210 4.9
3 211 1.6
3 212 2.6
3 213 1.4
3 214 3.0
3 215 3.9
3 216 1.6
3 217 2.3
3 218 1.2
3 219 2.9
3 220 2.4
3 221 2.6
3 222 4.3
3 223 2.1
3 224 4.4
3 225 3.4
3 226 1.1
3 227 1.6
3 228 2.2
3 229 2.0
3 230 2.9
3 231 3.4
3 232 4.2
3 233 2.9
3 234 3.2
3 235 3.5
3 236 1.4
3 237 2.7
3 238 2.6
3 239 2.3
3 240 1.1
3 241 4.9
3 242 3.5
3 243 1.6
3 244 2.1
3 245 3.2
3 246 1.8
3 247 4.2
3 248 3.2
3 249 3.4
3 250 1.2
3 251 3.5
3 252 3.8
3 253 2.3
3 254 4.0
3 255 2.0
3 256 3.1
3 257 2.3
3 258 4.8
3 259 2.0
3 260 3.5
3 261 4.3
3 262 4.5
3 263 3.6
3 264 3.5
3 265 2.5
3 266 1.6
3 267 2.2
3 268 1.5
3 269 4.9
3 270 4.8
3 271 4.0
3 272 3.4
3 273 2.2
3 274 4.1
3 275 4.0
3 276 2.4
3 277 3.5
3 278 1.3
3 279 3.2
3 280 2.9
3 281 3.6
3 282 4.9
3 283 4.4
3 284 4.7
3 285 2.2
3 286 3.1
3 287 4.5
3 288 1.3
3 289 2.1
3 290 3.0
3 291 1.2
3 292 4.8
3 293 1.1
3 294 2.5
3 295 1.2
3 296 2.6
3 297 1.4
3 298 1.6
3 299 1.9
3 300 1.3
3 301 3.6
3 302 1.0
3 303 1.1
3 304 4.0
3 305 2.0
3 306 3.7
3 307 2.8
3 308 3.9
3 309 3.1
3 310 1.4
3 311 1.5
3 312 1.2
4 1 2.8
4 2 3.9
4 3 2.5
4 4 1.5
4 5 1.4
4 6 2.2
4 7 1.2
4 8 1.6
4 9 1.5
4 10 2.0
4 11 1.9
4 12 2.6
4 13 2.3
4 14 1.1
4 15 2.0
4 16 4.1
4 17 2.2
4 18 2.1
4 19 2.1
4 20 1.5
4 21 3.9
4 22 4.5
4 23 4.9
4 24 2.7
4 25 3.3
4 26 3.5
4 27 1.8
4 28 2.5
4 29 1.4
4 30 4.7
4 31 1.6
4 32 1.3
4 33 1.3
4 34 3.5
4 35 3.4
4 36 2.3
4 37 3.0
4 38 4.7
4 39 3.1
4 40 4.5
4 41 2.3
4 42 4.8
4 43 2.2
4 44 1.3
4 45 3.4
4 46 3.4
4 47 3.8
4 48 3.5
4 49 1.8
4 50 2.7
4 51 3.2
4 52 2.6
4 53 4.4
4 54 4.6
4 55 1.6
4 56 4.1
4 57 2.7
4 58 4.7
4 59 2.5
4 60 1.1
4 61 3.0
4 62 4.2
4 63 1.7
4 64 3.5
4 65 3.8
4 66 1.9
4 67 4.6
4 68 3.2
4 69 3.6
4 70 4.2
4 71 1.1
4 72 1.3
4 73 2.4
4 74 3.0
4 75 1.2
4 76 1.8
4 77 3.3
4 78 2.1
4 79 3.2
4 80 3.1
4 81 4.5
4 82 2.6
4 83 2.4
4 84 4.8
4 85 3.7
4 86 3.6
4 87 1.9
4 88 3.6
4 89 2.2
4 90 1.7
4 91 4.5
4 92 3.5
4 93 2.0
4 94 2.0
4 95 2.8
4 96 1.4
4 97 3.6
4 98 3.3
4 99 2.7
4 100 2.1
4 101 3.6
4 102 5.0
4 103 3.9
4 104 1.7
4 105 2.2
4 106 5.0
4 107 2.3
4 108 1.4
4 109 2.6
4 110 2.8
4 111 3.2
4 112 3.7
4 113 2.3
4 114 1.7
4 115 2.3
4 116 3.0
4 117 2.8
4 118 2.7
4 119 2.6
4 120 4.5
4 121 3.7
4 122 3.6
4 123 1.6
4 124 2.9
4 125 1.1
4 126 1.5
4 127 1.1
4 128 2.6
4 129 2.9
4 130 1.3
4 131 2.1
4 132 3.8
4 133 2.3
4 134 4.2
4 135 2.4
4 136 3.6
4 137 4.4
4 138 2.4
4 139 3.9
4 140 4.0
4 141 4.3
4 142 1.7
4 143 2.1
4 144 2.8
4 145 2.9
4 146 3.5
4 147 3.5
4 148 2.1
4 149 2.5
4 150 1.4
4 151 1.6
4 152 1.3
4 153 4.8
4 154 1.7
4 155 3.0
4 156 4.6
4 157 1.6
4 158 1.9
4 159 3.1
4 160 2.4
4 161 4.0
4 162 1.8
4 163 2.8
4 164 2.1
4 165 2.6
4 166 2.3
4 167 4.7
4 168 3.8
4 169 2.2
4 170 1.6
4 171 4.0
4 172 3.3
4 173 2.7
4 174 2.5
4 175 4.5
4 176 2.2
4 177 1.0
4 178 4.2
4 179 4.0
4 180 2.8
4 181 2.0
4 182 4.0
4 183 4.6
4 184 1.6
4 185 1.5
4 186 2.4
4 187 1.7
4 188 4.1
4 189 2.4
4 190 4.3
4 191 2.3
4 192 2.9
4 193 3.1
4 194 2.7
4 195 4.5
4 196 4.1
4 197 2.2
4 198 4.6
4 199 1.7
4 200 1.4
4 201 2.9
4 202 3.6
4 203 2.0
4 204 3.3
4 205 2.2
4 206 1.6
4 207 3.4
4 208 2.6
4 209 2.3
4 210 3.7
4 211 1.8
4 212 3.9
4 213 3.4
4 214 3.4
4 215 1.7
4 216 4.2
4 217 1.0
4 218 2.4
4 219 3.5
4 220 3.4
4 221 2.2
4 222 3.1
4 223 4.0
4 224 3.4
4 225 2.1
4 226 2.8
4 227 4.4
4 228 2.3
4 229 2.9
4 230 4.6
4 231 4.7
4 232 4.6
4 233 1.9
4 234 3.5
4 235 4.5
4 236 4.8
4 237 3.5
4 238 2.7
4 239 3.4
4 240 3.4
4 241 3.5
4 242 3.5
4 243 2.5
4 244 4.5
4 245 3.5
4 246 2.2
4 247 4.9
4 248 4.7
4 249 2.2
4 250 2.7
4 251 3.0
4 252 2.7
4 253 2.8
4 254 5.0
4 255 4.5
4 256 3.5
4 257 2.9
4 258 2.5
4 259 4.3
4 260 2.3
4 261 3.4
4 262 4.1
4 263 4.7
4 264 1.2
4 265 4.9
4 266 3.8
4 267 2.1
4 268 1.8
4 269 2.6
4 270 2.7
4 271 3.4
4 272 1.4
4 273 2.0
4 274 4.1
4 275 4.6
4 276 1.5
4 277 1.8
4 278 2.9
4 279 2.4
4 280 4.6
4 281 2.7
4 282 1.6
4 283 3.8
4 284 1.2
4 285 4.3
4 286 3.0
4 287 1.5
4 288 3.5
4 289 1.4
4 290 2.0
4 291 3.1
4 292 1.5
4 293 4.6
4 294 1.8
4 295 3.0
4 296 2.1
4 297 4.8
4 298 4.6
4 299 2.4
4 300 1.4
4 301 3.0
4 302 3.2
4 303 2.9
4 304 3.5
4 305 1.3
4 306 4.5
4 307 2.8
4 308 3.9
4 309 4.9
4 310 1.4
4 311 1.4
4 312 2.9
5 1 2.5
5 2 4.2
5 3 2.7
5 4 2.7
5 5 3.0
5 6 4.1
5 7 3.6
5 8 3.3
5 9 4.7
5 10 4.9
5 11 1.2
5 12 2.8
5 13 3.6
5 14 4.8
5 15 4.6
5 16 1.9
5 17 1.5
5 18 3.7
5 19 4.1
5 20 3.5
5 21 3.3
5 22 4.2
5 23 3.6
5 24 3.9
5 25 3.2
5 26 3.3
5 27 4.9
5 28 4.8
5 29 3.6
5 30 4.9
5 31 1.2
5 32 2.2
5 33 1.1
5 34 4.2
5 35 2.1
5 36 2.5
5 37 3.8
5 38 1.9
5 39 4.4
5 40 3.1
5 41 4.8
5 42 1.3
5 43 2.9
5 44 1.3
5 45 3.0
5 46 3.8
5 47 4.2
5 48 4.3
5 49 4.7
5 50 1.5
5 51 1.2
5 52 2.4
5 53 2.6
5 54 2.8
5 55 2.2
5 56 2.7
5 57 3.1
5 58 3.8
5 59 1.8
5 60 4.1
5 61 1.0
5 62 1.0
5 63 3.5
5 64 1.7
5 65 1.7
5 66 3.4
5 67 2.4
5 68 2.4
5 69 2.9
5 70 3.7
5 71 4.5
5 72 1.6
5 73 1.8
5 74 4.4
5 75 2.4
5 76 1.5
5 77 2.5
5 78 1.3
5 79 1.8
5 80 2.7
5 81 3.8
5 82 3.3
5 83 4.1
5 84 1.3
5 85 5.0
5 86 1.1
5 87 3.6
5 88 1.6
5 89 1.1
5 90 4.4
5 91 4.0
5 92 1.2
5 93 4.6
5 94 1.2
5 95 2.6
5 96 4.2
5 97 2.4
5 98 3.0
5 99 4.7
5 100 2.6
5 101 4.0
5 102 3.7
5 103 2.3
5 104 4.5
5 105 3.7
5 106 4.6
5 107 4.8
5 108 2.3
5 109 4.9
5 110 2.2
5 111 4.8
5 112 2.9
5 113 4.1
5 114 2.6
5 115 1.7
5 116 4.6
5 117 5.0
5 118 4.8
5 119 4.0
5 120 4.2
5 121 1.6
5 122 1.1
5 123 3.2
5 124 2.3
5 125 1.6
5 126 2.5
5 127 2.4
5 128 1.6
5 129 4.0
5 130 4.0
5 131 2.1
5 132 2.7
5 133 2.3
5 134 2.0
5 135 1.8
5 136 4.1
5 137 3.8
5 138 4.6
5 139 3.7
5 140 2.5
5 141 4.2
5 142 4.5
5 143 3.3
5 144 1.5
5 145 2.7
5 146 3.6
5 147 3.7
5 148 4.6
5 149 2.1
5 150 1.9
5 151 2.6
5 152 4.7
5 153 3.9
5 154 4.0
5 155 1.2
5 156 3.5
5 157 3.3
5 158 1.5
5 159 4.7
5 160 3.9
5 161 1.9
5 162 1.4
5 163 3.9
5 164 1.6
5 165 1.5
5 166 3.9
5 167 3.3
5 168 1.4
5 169 4.8
5 170 4.3
5 171 3.8
5 172 4.0
5 173 3.9
5 174 3.0
5 175 2.9
5 176 1.2
5 177 4.8
5 178 2.6
5 179 2.6
5 180 3.4
5 181 2.8
5 182 4.6
5 183 3.5
5 184 3.4
5 185 1.7
5 186 3.8
5 187 1.9
5 188 1.8
5 189 1.1
5 190 1.2
5 191 3.8
5 192 3.8
5 193 3.5
5 194 4.2
5 195 3.0
5 196 2.8
5 197 2.2
5 198 4.4
5 199 3.1
5 200 2.1
5 201 2.1
5 202 3.8
5 203 3.9
5 204 2.6
5 205 1.3
5 206 3.6
5 207 3.6
5 208 3.2
5 209 3.1
5 210 4.9
5 211 3.2
5 212 3.8
5 213 1.1
5 214 3.0
5 215 1.7
5 216 4.9
5 217 2.0
5 218 2.5
5 219 1.6
5 220 3.8
5 221 1.1
5 222 4.3
5 223 2.8
5 224 4.1
5 225 1.8
5 226 3.6
5 227 1.3
5 228 2.5
5 229 2.3
5 230 3.0
5 231 2.8
5 232 1.6
5 233 3.9
5 234 2.1
5 235 3.7
5 236 2.7
5 237 2.2
5 238 3.9
5 239 4.6
5 240 2.3
5 241 1.0
5 242 4.3
5 243 1.6
5 244 4.3
5 245 3.5
5 246 5.0
5 247 2.6
5 248 3.2
5 249 3.0
5 250 2.3
5 251 4.2
5 252 4.9
5 253 2.9
5 254 2.3
5 255 4.7
5 256 3.4
5 257 1.6
5 258 3.1
5 259 3.7
5 260 3.8
5 261 2.0
5 262 3.6
5 263 1.9
5 264 1.2
5 265 3.9
5 266 3.6
5 267 3.1
5 268 4.7
5 269 1.0
5 270 3.2
5 271 2.3
5 272 1.0
5 273 2.1
5 274 1.7
5 275 1.4
5 276 4.8
5 277 2.5
5 278 3.3
5 279 3.0
5 280 2.1
5 281 2.8
5 282 2.2
5 283 1.9
5 284 4.9
5 285 2.5
5 286 4.9
5 287 4.3
5 288 3.1
5 289 4.0
5 290 2.4
5 291 1.7
5 292 2.6
5 293 1.6
5 294 2.3
5 295 2.0
5 296 3.5
5 297 2.3
5 298 1.2
5 299 4.7
5 300 1.5
5 301 2.9
5 302 1.5
5 303 1.9
5 304 1.3
5 305 1.9
5 306 2.9
5 307 2.1
5 308 4.6
5 309 3.2
5 310 3.6
5 311 5.0
5 312 3.9
6 1 3.0
6 2 2.3
6 3 1.7
6 4 4.0
6 5 1.4
6 6 2.8
6 7 3.0
6 8 4.5
6 9 3.7
6 10 4.3
6 11 1.3
6 12 4.2
6 13 4.5
6 14 2.6
6 15 1.1
6 16 4.0
6 17 4.8
6 18 2.4
6 19 2.0
6 20 3.4
6 21 2.3
6 22 3.8
6 23 3.7
6 24 1.4
6 25 4.1
6 26 2.3
6 27 3.8
6 28 3.4
6 29 1.6
6 30 2.6
6 31 2.9
6 32 2.2
6 33 2.8
6 34 1.1
6 35 4.9
6 36 2.8
6 37 2.3
6 38 2.2
6 39 4.9
6 40 1.3
6 41 2.4
6 42 3.4
6 43 4.3
6 44 3.7
6 45 4.1
6 46 3.7
6 47 2.3
6 48 4.1
6 49 2.6
6 50 1.0
6 51 4.4
6 52 2.3
6 53 1.9
6 54 1.1
6 55 2.1
6 56 3.3
6 57 1.2
6 58 2.7
6 59 1.9
6 60 1.7
6 61 1.4
6 62 1.6
6 63 2.6
6 64 2.5
6 65 2.8
6 66 3.0
6 67 1.7
6 68 1.6
6 69 2.1
6 70 3.6
6 71 4.0
6 72 3.3
6 73 4.1
6 74 4.6
6 75 2.0
6 76 1.9
6 77 3.9
6 78 1.0
6 79 4.2
6 80 3.4
6 81 3.3
6 82 3.5
6 83 2.9
6 84 2.0
6 85 2.1
6 86 4.7
6 87 2.4
6 88 2.8
6 89 3.6
6 90 2.1
6 91 4.6
6 92 2.9
6 93 3.9
6 94 2.6
6 95 1.1
6 96 2.6
6 97 3.1
6 98 4.2
6 99 3.8
6 100 1.3
6 101 1.4
6 102 3.8
6 103 4.3
6 104 2.8
6 105 3.8
6 106 2.4
6 107 3.6
6 108 2.3
6 109 4.4
6 110 3.6
6 111 3.9
6 112 4.2
6 113 3.8
6 114 3.6
6 115 3.4
6 116 4.4
6 117 2.1
6 118 3.6
6 119 2.1
6 120 2.9
6 121 1.7
6 122 3.5
6 123 1.3
6 124 1.4
6 125 4.8
6 126 4.4
6 127 1.8
6 128 3.0
6 129 3.4
6 130 2.7
6 131 3.7
6 132 2.8
6 133 4.1
6 134 1.2
6 135 2.4
6 136 2.3
6 137 3.7
6 138 2.7
6 139 2.5
6 140 1.8
6 141 3.9
6 142 2.1
6 143 3.7
6 144 3.5
6 145 4.1
6 146 2.5
6 147 1.7
6 148 5.0
6 149 3.0
6 150 4.2
6 151 3.1
6 152 2.7
6 153 4.5
6 154 1.8
6 155 1.4
6 156 3.8
6 157 2.8
6 158 4.4
6 159 1.9
6 160 4.8
6 161 2.9
6 162 3.2
6 163 3.3
6 164 1.5
6 165 1.8
6 166 1.1
6 167 2.5
6 168 3.6
6 169 2.6
6 170 4.7
6 171 3.9
6 172 2.9
6 173 1.7
6 174 2.8
6 175 4.2
6 176 1.3
6 177 3.9
6 178 2.5
6 179 3.8
6 180 4.7
6 181 4.1
6 182 1.5
6 183 4.3
6 184 1.2
6 185 3.6
6 186 3.2
6 187 3.7
6 188 2.4
6 189 2.1
6 190 2.2
6 191 3.8
6 192 3.2
6 193 3.7
6 194 1.2
6 195 1.3
6 196 4.0
6 197 4.3
6 198 1.7
6 199 1.8
6 200 2.2
6 201 1.2
6 202 4.2
6 203 2.4
6 204 2.0
6 205 3.0
6 206 4.0
6 207 4.5
6 208 2.1
6 209 4.9
6 210 4.9
6 211 4.1
6 212 4.1
6 213 1.7
6 214 3.6
6 215 4.4
6 216 1.3
6 217 3.9
6 218 4.4
6 219 3.1
6 220 1.3
6 221 2.2
6 222 3.4
6 223 3.6
6 224 4.6
6 225 4.5
6 226 4.7
6 227 1.3
6 228 1.0
6 229 2.9
6 230 4.8
6 231 4.0
6 232 1.5
6 233 3.8
6 234 2.2
6 235 1.8
6 236 1.9
6 237 4.0
6 238 2.2
6 239 3.1
6 240 2.7
6 241 3.4
6 242 4.8
6 243 3.7
6 244 4.0
6 245 4.5
6 246 2.4
6 247 3.7
6 248 3.3
6 249 3.0
6 250 2.3
6 251 2.4
6 252 2.7
6 253 1.2
6 254 4.7
6 255 3.0
6 256 4.2
6 257 3.2
6 258 3.6
6 259 2.2
6 260 2.2
6 261 2.5
6 262 4.6
6 263 3.5
6 264 2.3
6 265 1.8
6 266 1.2
6 267 3.2
6 268 3.6
6 269 4.5
6 270 5.0
6 271 2.8
6 272 2.4
6 273 1.2
6 274 2.9
6 275 2.3
6 276 3.6
6 277 3.5
6 278 2.4
6 279 4.1
6 280 4.4
6 281 3.5
6 282 2.2
6 283 3.3
6 284 2.6
6 285 3.6
6 286 3.8
6 287 1.2
6 288 4.0
6 289 1.2
6 290 3.9
6 291 1.9
6 292 4.5
6 293 1.6
6 294 1.2
6 295 4.3
6 296 4.4
6 297 3.6
6 298 3.3
6 299 4.0
6 300 3.1
6 301 4.7
6 302 1.3
6 303 2.1
6 304 1.4
6 305 4.0
6 306 2.9
6 307 1.9
6 308 4.5
6 309 1.1
6 310 4.2
6 311 3.7
6 312 4.7
7 1 2.1
7 2 4.1
7 3 4.3
7 4 4.2
7 5 1.2
7 6 1.9
7 7 3.4
7 8 4.6
7 9 1.5
7 10 1.7
7 11 1.4
7 12 4.2
7 13 4.9
7 14 2.8
7 15 1.2
7 16 2.9
7 17 2.1
7 18 3.1
7 19 3.8
7 20 4.1
7 21 1.4
7 22 4.3
7 23 1.2
7 24 2.7
7 25 2.6
7 26 4.7
7 27 4.7
7 28 2.5
7 29 1.2
7 30 2.8
7 31 3.7
7 32 1.3
7 33 4.1
7 34 2.7
7 35 2.7
7 36 3.1
7 37 1.1
7 38 3.3
7 39 3.1
7 40 3.6
7 41 3.5
7 42 3.5
7 43 4.4
7 44 3.0
7 45 4.4
7 46 3.7
7 47 5.0
7 48 3.5
7 49 4.8
7 50 1.2
7 51 3.8
7 52 2.2
7 53 2.0
7 54 3.0
7 55 5.0
7 56 2.1
7 57 3.1
7 58 3.9
7 59 1.4
7 60 3.8
7 61 4.9
7 62 1.1
7 63 2.5
7 64 2.8
7 65 2.6
7 66 1.8
7 67 4.3
7 68 3.7
7 69 4.7
7 70 2.0
7 71 3.0
7 72 1.3
7 73 3.6
7 74 1.6
7 75 1.5
7 76 4.5
7 77 2.2
7 78 3.4
7 79 1.2
7 80 3.9
7 81 4.7
7 82 4.5
7 83 1.1
7 84 2.3
7 85 3.2
7 86 3.5
7 87 4.4
7 88 1.6
7 89 3.8
7 90 3.3
7 91 2.0
7 92 4.4
7 93 3.0
7 94 1.5
7 95 2.3
7 96 3.1
7 97 2.7
7 98 2.8
7 99 2.1
7 100 1.0
7 101 4.2
7 102 4.8
7 103 4.2
7 104 4.1
7 105 4.0
7 106 4.6
7 107 1.6
7 108 2.6
7 109 2.7
7 110 2.4
7 111 1.3
7 112 4.4
7 113 2.3
7 114 4.5
7 115 2.1
7 116 1.2
7 117 4.0
7 118 2.4
7 119 5.0
7 120 4.0
7 121 2.1
7 122 2.4
7 123 2.2
7 124 1.6
7 125 2.9
7 126 3.2
7 127 2.7
7 128 5.0
7 129 3.0
7 130 2.9
7 131 1.2
7 132 2.1
7 133 4.4
7 134 4.2
7 135 3.3
7 136 3.4
7 137 2.8
7 138 4.8
7 139 4.3
7 140 4.2
7 141 1.9
7 142 1.4
7 143 1.5
7 144 3.4
7 145 2.0
7 146 1.7
7 147 1.7
7 148 3.9
7 149 1.9
7 150 4.6
7 151 4.8
7 152 2.7
7 153 2.1
7 154 1.3
7 155 3.0
7 156 2.1
7 157 2.4
7 158 2.5
7 159 2.7
7 160 3.3
7 161 3.9
7 162 4.5
7 163 4.5
7 164 4.0
7 165 2.0
7 166 1.5
7 167 4.9
7 168 1.3
7 169 1.0
7 170 4.5
7 171 1.3
7 172 3.7
7 173 3.8
7 174 1.6
7 175 3.6
7 176 2.7
7 177 2.3
7 178 1.1
7 179 3.6
7 180 2.8
7 181 4.8
7 182 2.7
7 183 2.2
7 184 1.2
7 185 4.1
7 186 2.1
7 187 3.0
7 188 1.5
7 189 2.3
7 190 1.7
7 191 3.0
7 192 4.2
7 193 2.9
7 194 3.9
7 195 1.5
7 196 2.1
7 197 3.1
7 198 2.5
7 199 4.8
7 200 4.5
7 201 2.1
7 202 4.7
7 203 3.3
7 204 3.0
7 205 1.2
7 206 4.7
7 207 2.7
7 208 4.7
7 209 3.5
7 210 3.8
7 211 1.8
7 212 1.6
7 213 1.3
7 214 3.5
7 215 4.5
7 216 1.3
7 217 1.3
7 218 1.7
7 219 4.1
7 220 1.2
7 221 3.1
7 222 3.6
7 223 3.8
7 224 1.3
7 225 3.2
7 226 3.1
7 227 3.9
7 228 3.3
7 229 2.1
7 230 4.6
7 231 3.7
7 232 3.4
7 233 4.0
7 234 2.0
7 235 4.1
7 236 4.7
7 237 1.8
7 238 3.0
7 239 2.1
7 240 3.3
7 241 3.0
7 242 1.7
7 243 1.1
7 244 5.0
7 245 4.2
7 246 1.1
7 247 1.4
7 248 2.1
7 249 1.7
7 250 3.4
7 251 1.6
7 252 4.2
7 253 3.8
7 254 2.8
7 255 3.5
7 256 4.8
7 257 2.8
7 258 2.6
7 259 4.0
7 260 3.0
7 261 4.7
7 262 4.3
7 263 1.7
7 264 1.2
7 265 2.5
7 266 2.6
7 267 2.5
7 268 1.4
7 269 4.5
7 270 1.0
7 271 1.4
7 272 2.3
7 273 4.8
7 274 1.5
7 275 4.7
7 276 3.1
7 277 3.7
7 278 2.6
7 279 3.4
7 280 3.0
7 281 1.3
7 282 1.2
7 283 4.4
7 284 1.7
7 285 2.3
7 286 4.8
7 287 4.9
7 288 2.7
7 289 3.7
7 290 1.6
7 291 1.4
7 292 2.6
7 293 2.4
7 294 1.4
7 295 2.8
7 296 2.3
7 297 4.8
7 298 2.2
7 299 3.9
7 300 3.2
7 301 1.6
7 302 1.6
7 303 2.1
7 304 2.5
7 305 4.0
7 306 5.0
7 307 4.1
7 308 3.6
7 309 5.0
7 310 1.9
7 311 4.9
7 312 3.3
8 1 4.5
8 2 1.1
8 3 3.8
8 4 1.3
8 5 5.0
8 6 3.9
8 7 2.5
8 8 1.7
8 9 4.4
8 10 2.6
8 11 4.6
8 12 1.1
8 13 3.1
8 14 1.3
8 15 1.9
8 16 4.7
8 17 4.7
8 18 4.6
8 19 4.3
8 20 1.8
8 21 3.0
8 22 2.0
8 23 1.5
8 24 4.6
8 25 3.0
8 26 4.3
8 27 2.0
8 28 1.2
8 29 1.7
8 30 2.4
8 31 2.6
8 32 4.5
8 33 4.3
8 34 4.9
8 35 2.1
8 36 1.5
8 37 3.3
8 38 2.9
8 39 3.8
8 40 4.4
8 41 3.2
8 42 3.2
8 43 1.6
8 44 1.2
8 45 1.7
8 46 4.1
8 47 2.2
8 48 3.5
8 49 2.7
8 50 3.1
8 51 2.4
8 52 1.3
8 53 3.1
8 54 1.4
8 55 3.5
8 56 3.0
8 57 4.6
8 58 2.3
8 59 4.3
8 60 2.2
8 61 1.1
8 62 2.9
8 63 2.4
8 64 2.2
8 65 4.1
8 66 4.1
8 67 1.1
8 68 4.7
8 69 1.1
8 70 2.5
8 71 4.4
8 72 2.5
8 73 3.8
8 74 1.1
8 75 3.2
8 76 1.5
8 77 3.5
8 78 2.0
8 79 2.5
8 80 3.6
8 81 3.1
8 82 2.1
8 83 3.3
8 84 1.0
8 85 2.7
8 86 1.1
8 87 3.9
8 88 3.0
8 89 2.0
8 90 4.5
8 91 4.4
8 92 1.3
8 93 1.1
8 94 2.9
8 95 3.3
8 96 3.9
8 97 3.1
8 98 3.4
8 99 4.2
8 100 3.3
8 101 1.1
8 102 1.1
8 103 3.7
8 104 4.2
8 105 1.8
8 106 3.1
8 107 4.9
8 108 2.2
8 109 4.8
8 110 1.9
8 111 2.3
8 112 2.2
8 113 3.0
8 114 1.4
8 115 4.6
8 116 3.7
8 117 2.5
8 118 2.2
8 119 2.6
8 120 1.9
8 121 4.6
8 122 2.3
8 123 3.0
8 124 3.9
8 125 1.7
8 126 2.0
8 127 4.9
8 128 3.2
8 129 1.5
8 130 4.9
8 131 2.5
8 132 1.9
8 133 2.6
8 134 2.3
8 135 2.3
8 136 2.8
8 137 4.6
8 138 3.9
8 139 4.4
8 140 2.3
8 141 2.8
8 142 4.8
8 143 4.6
8 144 2.0
8 145 4.3
8 146 2.0
8 147 5.0
8 148 1.1
8 149 1.4
8 150 2.9
8 151 4.3
8 152 2.9
8 153 2.6
8 154 2.5
8 155 3.0
8 156 1.6
8 157 4.8
8 158 2.9
8 159 3.1
8 160 2.2
8 161 4.4
8 162 3.9
8 163 1.6
8 164 4.6
8 165 2.2
8 166 2.5
8 167 4.5
8 168 3.2
8 169 2.9
8 170 4.5
8 171 2.4
8 172 3.4
8 173 2.6
8 174 3.4
8 175 4.6
8 176 2.3
8 177 2.6
8 178 1.1
8 179 1.1
8 180 3.3
8 181 1.2
8 182 1.6
8 183 1.6
8 184 1.7
8 185 3.8
8 186 3.2
8 187 4.2
8 188 2.3
8 189 2.1
8 190 3.2
8 191 2.5
8 192 3.4
8 193 4.1
8 194 4.1
8 195 2.8
8 196 4.9
8 197 2.0
8 198 4.7
8 199 2.6
8 200 2.0
8 201 2.1
8 202 4.6
8 203 4.8
8 204 4.9
8 205 4.8
8 206 1.6
8 207 1.0
8 208 1.9
8 209 3.5
8 210 3.2
8 211 2.4
8 212 1.9
8 213 2.9
8 214 2.4
8 215 4.5
8 216 2.4
8 217 1.4
8 218 1.7
8 219 1.4
8 220 3.2
8 221 4.2
8 222 2.7
8 223 3.4
8 224 3.0
8 225 1.6
8 226 1.3
8 227 1.4
8 228 4.2
8 229 1.8
8 230 4.1
8 231 4.0
8 232 3.9
8 233 2.1
8 234 4.1
8 235 1.2
8 236 2.0
8 237 2.1
8 238 3.7
8 239 1.1
8 240 1.6
8 241 3.9
8 242 3.5
8 243 3.2
8 244 5.0
8 245 4.5
8 246 3.6
8 247 4.0
8 248 2.4
8 249 2.6
8 250 4.8
8 251 3.9
8 252 3.2
8 253 2.8
8 254 2.2
8 255 2.4
8 256 1.1
8 257 2.6
8 258 3.9
8 259 3.7
8 260 4.4
8 261 3.3
8 262 4.9
8 263 2.4
8 264 1.4
8 265 1.9
8 266 2.7
8 267 4.5
8 268 1.6
8 269 1.4
8 270 1.1
8 271 4.0
8 272 1.5
8 273 2.1
8 274 1.3
8 275 4.9
8 276 2.4
8 277 1.1
8 278 1.9
8 279 3.7
8 280 1.7
8 281 1.8
8 282 1.3
8 283 1.6
8 284 3.0
8 285 3.2
8 286 4.4
8 287 2.5
8 288 3.6
8 289 3.3
8 290 1.2
8 291 3.7
8 292 3.8
8 293 4.5
8 294 4.8
8 295 4.5
8 296 5.0
8 297 2.3
8 298 2.4
8 299 3.3
8 300 4.2
8 301 3.4
8 302 3.8
8 303 2.0
8 304 3.4
8 305 2.5
8 306 1.8
8 307 2.7
8 308 3.3
8 309 4.7
8 310 4.8
8 311 3.2
8 312 2.9
9 1 2.1
9 2 3.8
9 3 4.1
9 4 4.5
9 5 3.7
9 6 2.9
9 7 1.8
9 8 2.7
9 9 3.3
9 10 4.4
9 11 4.3
9 12 2.6
9 13 2.9
9 14 1.7
9 15 3.8
9 16 1.3
9 17 2.8
9 18 1.1
9 19 3.6
9 20 4.7
9 21 2.9
9 22 3.4
9 23 3.6
9 24 1.7
9 25 4.1
9 26 1.5
9 27 4.4
9 28 1.9
9 29 2.1
9 30 4.3
9 31 2.6
9 32 3.2
9 33 1.7
9 34 5.0
9 35 4.4
9 36 1.3
9 37 2.0
9 38 2.7
9 39 4.8
9 40 1.6
9 41 4.2
9 42 3.4
9 43 2.7
9 44 1.5
9 45 3.1
9 46 3.4
9 47 1.8
9 48 3.5
9 49 3.5
9 50 3.9
9 51 1.1
9 52 3.5
9 53 2.9
9 54 4.1
9 55 1.0
9 56 2.3
9 57 1.1
9 58 4.0
9 59 1.1
9 60 2.5
9 61 4.6
9 62 2.9
9 63 2.2
9 64 1.3
9 65 2.1
9 66 2.0
9 67 4.6
9 68 1.0
9 69 2.9
9 70 2.0
9 71 3.0
9 72 2.9
9 73 3.5
9 74 2.8
9 75 1.7
9 76 4.2
9 77 3.7
9 78 2.2
9 79 1.4
9 80 1.0
9 81 1.1
9 82 2.3
9 83 1.4
9 84 3.7
9 85 4.9
9 86 3.6
9 87 5.0
9 88 3.3
9 89 3.2
9 90 1.5
9 91 3.1
9 92 3.7
9 93 2.0
9 94 3.0
9 95 2.2
9 96 1.1
9 97 2.9
9 98 3.2
9 99 2.0
9 100 1.1
9 101 4.9
9 102 2.2
9 103 2.8
9 104 1.7
9 105 1.1
9 106 2.2
9 107 4.8
9 108 3.4
9 109 3.5
9 110 3.0
9 111 1.0
9 112 2.2
9 113 3.5
9 114 2.3
9 115 1.3
9 116 4.2
9 117 4.7
9 118 2.3
9 119 1.6
9 120 3.7
9 121 1.2
9 122 4.6
9 123 1.6
9 124 3.7
9 125 1.6
9 126 3.2
9 127 2.1
9 128 4.6
9 129 4.5
9 130 4.4
9 131 4.7
9 132 2.3
9 133 4.0
9 134 2.4
9 135 2.5
9 136 4.4
9 137 4.0
9 138 4.2
9 139 2.8
9 140 2.5
9 141 4.1
9 142 2.9
9 143 4.8
9 144 3.1
9 145 2.3
9 146 1.8
9 147 3.3
9 148 2.7
9 149 4.2
9 150 4.8
9 151 1.7
9 152 3.9
9 153 3.4
9 154 2.9
9 155 3.6
9 156 5.0
9 157 3.1
9 158 1.5
9 159 3.3
9 160 4.5
9 161 4.8
9 162 3.9
9 163 4.4
9 164 4.0
9 165 1.0
9 166 4.5
9 167 1.2
9 168 4.8
9 169 2.6
9 170 3.7
9 171 3.3
9 172 1.3
9 173 1.8
9 174 3.4
9 175 2.1
9 176 1.9
9 177 3.9
9 178 2.9
9 179 1.2
9 180 4.6
9 181 4.5
9 182 4.5
9 183 2.9
9 184 1.3
9 185 4.4
9 186 1.1
9 187 3.5
9 188 4.0
9 189 4.3
9 190 2.0
9 191 1.1
9 192 1.3
9 193 1.7
9 194 1.9
9 195 1.8
9 196 4.0
9 197 4.5
9 198 2.1
9 199 2.9
9 200 2.3
9 201 3.1
9 202 3.3
9 203 2.1
9 204 4.9
9 205 1.1
9 206 3.1
9 207 5.0
9 208 1.1
9 209 2.4
9 210 3.3
9 211 3.6
9 212 4.7
9 213 4.5
9 214 3.1
9 215 4.8
9 216 4.5
9 217 3.7
9 218 3.0
9 219 4.5
9 220 4.2
9 221 4.0
9 222 1.8
9 223 2.6
9 224 1.2
9 225 1.6
9 226 1.1
9 227 1.0
9 228 3.8
9 229 4.3
9 230 4.7
9 231 4.9
9 232 1.1
9 233 2.9
9 234 2.6
9 235 1.9
9 236 3.7
9 237 3.8
9 238 1.1
9 239 1.1
9 240 3.5
9 241 1.9
9 242 2.7
9 243 4.9
9 244 1.7
9 245 1.3
9 246 4.0
9 247 3.0
9 248 2.0
9 249 4.1
9 250 3.7
9 251 3.9
9 252 4.1
9 253 4.3
9 254 1.1
9 255 2.9
9 256 2.6
9 257 3.9
9 258 4.7
9 259 1.5
9 260 2.0
9 261 4.9
9 262 4.9
9 263 1.1
9 264 2.2
9 265 2.3
9 266 3.8
9 267 3.1
9 268 4.6
9 269 4.1
9 270 4.9
9 271 2.5
9 272 1.1
9 273 1.9
9 274 3.5
9 275 2.8
9 276 2.6
9 277 3.9
9 278 3.1
9 279 4.6
9 280 2.7
9 281 1.2
9 282 4.7
9 283 4.5
9 284 1.8
9 285 4.0
9 286 4.9
9 287 4.9
9 288 1.8
9 289 4.4
9 290 3.9
9 291 4.0
9 292 2.4
9 293 4.6
9 294 1.2
9 295 1.4
9 296 2.8
9 297 2.7
9 298 2.6
9 299 2.8
9 300 3.3
9 301 4.6
9 302 1.6
9 303 2.3
9 304 3.0
9 305 4.2
9 306 4.7
9 307 2.6
9 308 2.9
9 309 3.8
9 310 1.1
9 311 2.8
9 312 4.6
10 1 2.4
10 2 2.4
10 3 3.2
10 4 4.7
10 5 4.2
10 6 3.0
10 7 1.5
10 8 2.6
10 9 3.6
10 10 4.6
10 11 2.4
10 12 1.3
10 13 4.3
10 14 2.5
10 15 3.1
10 16 1.5
10 17 4.2
10 18 1.4
10 19 1.8
10 20 1.8
10 21 4.0
10 22 4.5
10 23 4.1
10 24 4.8
10 25 4.7
10 26 4.0
10 27 4.7
10 28 1.1
10 29 1.1
10 30 3.6
10 31 1.2
10 32 4.9
10 33 4.0
10 34 3.8
10 35 2.0
10 36 4.3
10 37 3.1
10 38 2.0
10 39 1.4
10 40 3.8
10 41 2.2
10 42 1.0
10 43 1.7
10 44 3.6
10 45 2.0
10 46 2.3
10 47 2.5
10 48 1.4
10 49 2.7
10 50 3.2
10 51 1.3
10 52 1.5
10 53 1.5
10 54 3.7
10 55 3.1
10 56 2.4
10 57 4.0
10 58 3.0
10 59 3.9
10 60 3.3
10 61 4.9
10 62 3.1
10 63 3.8
10 64 3.2
10 65 3.5
10 66 4.7
10 67 4.9
10 68 4.4
10 69 1.1
10 70 3.6
10 71 4.4
10 72 2.7
10 73 2.5
10 74 3.0
10 75 1.2
10 76 2.2
10 77 3.0
10 78 4.4
10 79 2.8
10 80 3.2
10 81 4.6
10 82 2.4
10 83 1.7
10 84 2.6
10 85 3.9
10 86 4.1
10 87 2.2
10 88 1.9
10 89 3.3
10 90 1.2
10 91 4.0
10 92 2.9
10 93 3.9
10 94 3.9
10 95 2.7
10 96 3.5
10 97 1.6
10 98 2.1
10 99 3.4
10 100 3.0
10 101 2.1
10 102 1.8
10 103 1.7
10 104 3.6
10 105 4.5
10 106 1.1
10 107 3.5
10 108 1.7
10 109 4.3
10 110 3.9
10 111 2.6
10 112 3.0
10 113 5.0
10 114 2.8
10 115 1.3
10 116 2.0
10 117 4.0
10 118 1.3
10 119 2.7
10 120 3.6
10 121 4.8
10 122 4.9
10 123 3.5
10 124 3.5
10 125 3.5
10 126 3.6
10 127 4.6
10 128 4.9
10 129 3.8
10 130 3.1
10 131 2.0
10 132 3.5
10 133 4.8
10 134 2.5
10 135 4.6
10 136 2.4
10 137 3.9
10 138 1.2
10 139 4.6
10 140 4.4
10 141 4.0
10 142 1.2
10 143 3.3
10 144 1.8
10 145 3.9
10 146 4.1
10 147 1.3
10 148 1.7
10 149 2.1
10 150 1.1
10 151 4.6
10 152 4.6
10 153 3.7
10 154 3.4
10 155 2.3
10 156 1.3
10 157 4.7
10 158 4.5
10 159 2.1
10 160 1.2
10 161 3.0
10 162 2.9
10 163 4.3
10 164 4.9
10 165 2.1
10 166 4.8
10 167 4.8
10 168 1.4
10 169 3.2
10 170 1.3
10 171 3.4
10 172 3.8
10 173 1.2
10 174 3.5
10 175 2.2
10 176 3.6
10 177 2.5
10 178 1.0
10 179 3.7
10 180 1.2
10 181 1.9
10 182 4.3
10 183 3.9
10 184 2.2
10 185 1.1
10 186 2.5
10 187 4.7
10 188 1.6
10 189 2.8
10 190 4.0
10 191 1.3
10 192 4.3
10 193 2.8
10 194 4.5
10 195 4.3
10 196 1.7
10 197 3.6
10 198 1.3
10 199 1.8
10 200 1.7
10 201 2.3
10 202 3.2
10 203 2.7
10 204 2.9
10 205 2.3
10 206 4.7
10 207 2.1
10 208 3.2
10 209 1.8
10 210 1.7
10 211 1.8
10 212 3.5
10 213 1.7
10 214 1.8
10 215 1.7
10 216 4.5
10 217 1.9
10 218 4.7
10 219 1.0
10 220 4.1
10 221 3.6
10 222 2.5
10 223 2.8
10 224 3.1
10 225 4.6
10 226 4.5
10 227 2.9
10 228 2.1
10 229 1.4
10 230 3.2
10 231 4.2
10 232 3.3
10 233 4.2
10 234 3.2
10 235 1.3
10 236 3.9
10 237 4.4
10 238 3.7
10 239 1.9
10 240 2.7
10 241 2.3
10 242 1.7
10 243 4.5
10 244 1.5
10 245 4.9
10 246 1.9
10 247 2.4
10 248 4.6
10 249 2.1
10 250 4.7
10 251 4.6
10 252 3.1
10 253 3.1
10 254 4.8
10 255 3.5
10 256 1.2
10 257 3.1
10 258 3.6
10 259 2.0
10 260 3.4
10 261 2.0
10 262 3.7
10 263 1.6
10 264 4.2
10 265 1.1
10 266 2.0
10 267 4.0
10 268 2.8
10 269 3.3
10 270 1.2
10 271 4.4
10 272 3.0
10 273 2.2
10 274 2.2
10 275 4.1
10 276 1.6
10 277 3.7
10 278 4.0
10 279 2.8
10 280 2.3
10 281 1.8
10 282 4.1
10 283 3.4
10 284 3.0
10 285 4.2
10 286 4.5
10 287 3.9
10 288 2.7
10 289 3.6
10 290 3.2
10 291 2.0
10 292 1.9
10 293 3.4
10 294 3.3
10 295 2.2
10 296 2.3
10 297 4.8
10 298 1.5
10 299 1.5
10 300 3.0
10 301 1.9
10 302 4.0
10 303 3.9
10 304 2.9
10 305 3.8
10 306 5.0
10 307 1.4
10 308 2.5
10 309 2.0
10 310 4.8
10 311 3.3
10 312 2.3
11 1 4.4
11 2 1.0
11 3 2.8
11 4 4.4
11 5 3.5
11 6 4.2
11 7 2.9
11 8 3.1
11 9 2.4
11 10 1.1
11 11 3.6
11 12 3.9
11 13 1.3
11 14 4.1
11 15 1.6
11 16 1.6
11 17 4.5
11 18 3.6
11 19 1.1
11 20 3.8
11 21 4.3
11 22 1.9
11 23 2.6
11 24 1.9
11 25 2.6
11 26 1.2
11 27 3.3
11 28 3.5
11 29 2.7
11 30 4.1
11 31 3.7
11 32 4.0
11 33 2.1
11 34 2.6
11 35 2.8
11 36 1.7
11 37 3.7
11 38 4.2
11 39 3.3
11 40 4.8
11 41 1.8
11 42 1.9
11 43 2.7
11 44 1.3
11 45 4.9
11 46 4.5
11 47 4.3
11 48 4.6
11 49 2.3
11 50 2.8
11 51 1.9
11 52 1.6
11 53 1.4
11 54 3.1
11 55 3.3
11 56 3.7
11 57 1.3
11 58 1.1
11 59 3.8
11 60 3.0
11 61 2.9
11 62 1.1
11 63 2.6
11 64 3.4
11 65 4.9
11 66 3.2
11 67 2.2
11 68 4.6
11 69 3.7
11 70 3.9
11 71 2.1
11 72 3.0
11 73 4.8
11 74 3.3
11 75 1.7
11 76 1.9
11 77 4.7
11 78 4.3
11 79 1.9
11 80 3.1
11 81 3.1
11 82 3.3
11 83 2.7
11 84 4.7
11 85 1.3
11 86 1.6
11 87 3.7
11 88 4.0
11 89 3.5
11 90 4.1
11 91 2.0
11 92 1.7
11 93 3.1
11 94 3.0
11 95 2.2
11 96 4.6
11 97 1.5
11 98 2.1
11 99 2.2
11 100 4.3
11 101 1.1
11 102 2.0
11 103 2.4
11 104 1.7
11 105 3.5
11 106 1.4
11 107 2.6
11 108 4.7
11 109 1.8
11 110 4.0
11 111 4.6
11 112 4.7
11 113 1.8
11 114 4.6
11 115 3.3
11 116 3.7
11 117 1.9
11 118 4.1
11 119 1.1
11 120 4.1
11 121 1.1
11 122 1.2
11 123 4.4
11 124 1.9
11 125 2.9
11 126 2.8
11 127 2.0
11 128 4.5
11 129 4.4
11 130 4.6
11 131 4.7
11 132 4.3
11 133 3.8
11 134 4.0
11 135 3.5
11 136 3.1
11 137 4.9
11 138 2.5
11 139 2.1
11 140 3.6
11 141 4.0
11 142 2.3
11 143 2.7
11 144 5.0
11 145 3.9
11 146 2.3
11 147 3.7
11 148 1.5
11 149 2.0
11 150 4.6
11 151 4.3
11 152 1.5
11 153 1.1
11 154 1.4
11 155 4.5
11 156 4.7
11 157 4.4
11 158 3.1
11 159 3.1
11 160 1.6
11 161 1.4
11 162 3.9
11 163 2.2
11 164 3.5
11 165 2.2
11 166 4.1
11 167 4.8
11 168 4.2
11 169 3.7
11 170 4.9
11 171 2.6
11 172 1.0
11 173 4.1
11 174 4.1
11 175 2.5
11 176 4.8
11 177 2.4
11 178 4.7
11 179 4.2
11 180 2.1
11 181 1.6
11 182 4.9
11 183 3.0
11 184 2.5
11 185 1.4
11 186 2.1
11 187 1.1
11 188 1.7
11 189 1.5
11 190 1.9
11 191 3.4
11 192 3.7
11 193 1.6
11 194 4.0
11 195 4.3
11 196 1.1
11 197 2.2
11 198 5.0
11 199 1.1
11 200 3.9
11 201 4.1
11 202 3.6
11 203 2.0
11 204 3.8
11 205 2.5
11 206 1.8
11 207 4.5
11 208 2.0
11 209 4.0
11 210 4.5
11 211 1.9
11 212 4.5
11 213 3.1
11 214 3.4
11 215 4.9
11 216 3.1
11 217 4.6
11 218 3.5
11 219 2.2
11 220 4.1
11 221 4.0
11 222 3.6
11 223 1.4
11 224 1.2
11 225 1.7
11 226 3.9
11 227 3.3
11 228 3.8
11 229 4.8
11 230 3.2
11 231 1.7
11 232 4.3
11 233 4.3
11 234 4.5
11 235 2.1
11 236 4.9
11 237 4.4
11 238 2.8
11 239 3.4
11 240 2.8
11 241 3.8
11 242 2.0
11 243 1.0
11 244 3.4
11 245 3.7
11 246 2.6
11 247 2.5
11 248 4.4
11 249 3.3
11 250 4.7
11 251 2.9
11 252 1.3
11 253 2.2
11 254 4.5
11 255 3.9
11 256 4.0
11 257 3.9
11 258 4.7
11 259 2.1
11 260 4.0
11 261 4.7
11 262 4.6
11 263 2.6
11 264 1.3
11 265 3.6
11 266 4.2
11 267 4.3
11 268 2.6
11 269 1.5
11 270 1.7
11 271 1.4
11 272 2.7
11 273 3.3
11 274 4.8
11 275 3.6
11 276 5.0
11 277 1.9
11 278 1.6
11 279 3.7
11 280 1.5
11 281 2.5
11 282 2.0
11 283 2.2
11 284 3.5
11 285 4.4
11 286 3.8
11 287 2.0
11 288 4.8
11 289 4.5
11 290 1.1
11 291 1.0
11 292 1.5
11 293 4.4
11 294 2.9
11 295 3.2
11 296 2.4
11 297 2.3
11 298 1.3
11 299 3.0
11 300 4.7
11 301 3.5
11 302 3.1
11 303 1.1
11 304 1.5
11 305 2.5
11 306 2.7
11 307 2.0
11 308 1.8
11 309 4.2
11 310 1.4
11 311 2.7
11 312 2.2
12 1 4.9
12 2 1.3
12 3 2.2
12 4 2.6
12 5 3.3
12 6 2.8
12 7 1.4
12 8 2.9
12 9 1.5
12 10 2.0
12 11 2.8
12 12 4.8
12 13 2.3
12 14 2.8
12 15 2.6
12 16 4.6
12 17 2.1
12 18 4.8
12 19 2.6
12 20 4.6
12 21 4.3
12 22 4.1
12 23 3.0
12 24 2.5
12 25 4.7
12 26 2.1
12 27 5.0
12 28 3.7
12 29 2.5
12 30 1.9
12 31 4.2
12 32 2.4
12 33 3.1
12 34 3.5
12 35 4.7
12 36 4.4
12 37 4.0
12 38 4.3
12 39 1.5
12 40 2.2
12 41 5.0
12 42 3.9
12 43 2.6
12 44 1.9
12 45 4.3
12 46 3.8
12 47 2.1
12 48 1.1
12 49 4.5
12 50 4.9
12 51 4.3
12 52 1.9
12 53 4.7
12 54 3.0
12 55 1.9
12 56 5.0
12 57 1.9
12 58 2.3
12 59 4.7
12 60 5.0
12 61 3.5
12 62 2.8
12 63 2.3
12 64 4.5
12 65 4.1
12 66 4.7
12 67 1.9
12 68 3.4
12 69 2.5
12 70 1.3
12 71 1.8
12 72 4.9
12 73 1.3
12 74 3.4
12 75 1.7
12 76 1.6
12 77 1.7
12 78 2.4
12 79 3.7
12 80 3.3
12 81 1.8
12 82 4.2
12 83 4.9
12 84 4.0
12 85 4.6
12 86 2.5
12 87 3.7
12 88 1.2
12 89 3.8
12 90 2.1
12 91 4.7
12 92 3.9
12 93 2.7
12 94 4.0
12 95 4.7
12 96 1.7
12 97 3.7
12 98 1.9
12 99 3.7
12 100 2.8
12 101 2.9
12 102 2.7
12 103 2.8
12 104 3.2
12 105 2.9
12 106 2.7
12 107 2.7
12 108 1.1
12 109 1.9
12 110 2.0
12 111 3.0
12 112 3.1
12 113 4.6
12 114 4.1
12 115 1.7
12 116 4.4
12 117 4.0
12 118 3.7
12 119 4.2
12 120 4.4
12 121 1.4
12 122 2.8
12 123 4.5
12 124 2.8
12 125 4.3
12 126 2.9
12 127 2.7
12 128 4.2
12 129 2.2
12 130 4.8
12 131 4.4
12 132 1.5
12 133 3.7
12 134 1.7
12 135 3.5
12 136 2.1
12 137 1.4
12 138 1.3
12 139 4.2
12 140 3.6
12 141 4.3
12 142 3.0
12 143 3.5
12 144 1.1
12 145 4.3
12 146 4.8
12 147 3.7
12 148 2.4
12 149 4.9
12 150 2.8
12 151 2.5
12 152 2.3
12 153 4.0
12 154 4.9
12 155 1.3
12 156 3.3
12 157 2.1
12 158 3.7
12 159 1.4
12 160 3.1
12 161 4.4
12 162 4.8
12 163 1.9
12 164 2.2
12 165 2.4
12 166 3.9
12 167 3.7
12 168 1.1
12 169 3.8
12 170 2.8
12 171 2.2
12 172 3.5
12 173 3.5
12 174 2.9
12 175 4.0
12 176 1.1
12 177 4.4
12 178 1.4
12 179 1.3
12 180 4.7
12 181 1.6
12 182 2.6
12 183 4.3
12 184 1.5
12 185 4.2
12 186 4.5
12 187 1.1
12 188 3.4
12 189 2.1
12 190 2.0
12 191 3.6
12 192 2.4
12 193 3.7
12 194 4.8
12 195 3.0
12 196 4.3
12 197 4.7
12 198 2.8
12 199 2.1
12 200 1.3
12 201 1.2
12 202 2.7
12 203 1.1
12 204 1.7
12 205 4.2
12 206 4.0
12 207 2.9
12 208 4.9
12 209 4.8
12 210 2.8
12 211 1.8
12 212 4.7
12 213 3.9
12 214 3.7
12 215 2.2
12 216 1.2
12 217 1.3
12 218 3.0
12 219 1.1
12 220 1.3
12 221 2.6
12 222 2.3
12 223 3.7
12 224 2.8
12 225 2.8
12 226 2.0
12 227 3.8
12 228 4.6
12 229 1.5
12 230 3.9
12 231 3.9
12 232 4.9
12 233 1.4
12 234 2.9
12 235 2.9
12 236 4.7
12 237 4.0
12 238 4.9
12 239 1.7
12 240 1.1
12 241 4.5
12 242 4.3
12 243 3.0
12 244 1.3
12 245 4.1
12 246 2.9
12 247 3.9
12 248 3.2
12 249 3.0
12 250 2.9
12 251 1.5
12 252 1.0
12 253 1.4
12 254 1.2
12 255 4.1
12 256 3.0
12 257 2.8
12 258 4.2
12 259 1.5
12 260 3.7
12 261 4.0
12 262 2.5
12 263 4.2
12 264 3.7
12 265 3.9
12 266 4.5
12 267 1.4
12 268 1.8
12 269 2.2
12 270 2.8
12 271 3.1
12 272 1.0
12 273 1.5
12 274 3.5
12 275 4.1
12 276 3.6
12 277 3.5
12 278 1.1
12 279 4.7
12 280 2.8
12 281 4.6
12 282 1.5
12 283 2.1
12 284 2.2
12 285 4.2
12 286 2.2
12 287 4.3
12 288 3.9
12 289 4.9
12 290 4.7
12 291 3.8
12 292 3.0
12 293 4.7
12 294 2.3
12 295 4.5
12 296 4.2
12 297 2.7
12 298 4.8
12 299 4.1
12 300 1.7
12 301 4.0
12 302 2.3
12 303 4.9
12 304 4.9
12 305 4.3
12 306 1.3
12 307 3.6
12 308 1.0
12 309 3.9
12 310 1.4
12 311 1.9
12 312 1.3
13 1 4.8
13 2 4.0
13 3 2.6
13 4 1.7
13 5 3.0
13 6 3.7
13 7 2.5
13 8 2.1
13 9 1.6
13 10 1.8
13 11 1.1
13 12 3.3
13 13 1.0
13 14 2.7
13 15 1.2
13 16 2.8
13 17 2.4
13 18 4.8
13 19 4.5
13 20 2.4
13 21 3.8
13 22 2.6
13 23 2.0
13 24 1.9
13 25 4.5
13 26 3.1
13 27 1.5
13 28 1.7
13 29 3.3
13 30 4.8
13 31 3.4
13 32 2.3
13 33 1.6
13 34 4.7
13 35 1.1
13 36 3.4
13 37 4.1
13 38 3.3
13 39 1.1
13 40 2.3
13 41 2.3
13 42 1.7
13 43 3.0
13 44 1.3
13 45 1.5
13 46 2.7
13 47 1.9
13 48 4.5
13 49 2.6
13 50 3.7
13 51 2.7
13 52 2.4
13 53 1.1
13 54 2.9
13 55 1.1
13 56 3.1
13 57 4.5
13 58 3.6
13 59 1.2
13 60 4.4
13 61 2.8
13 62 4.0
13 63 1.5
13 64 4.0
13 65 4.5
13 66 2.2
13 67 4.9
13 68 3.3
13 69 1.6
13 70 1.2
13 71 3.6
13 72 2.3
13 73 4.0
13 74 1.9
13 75 1.6
13 76 4.8
13 77 4.4
13 78 1.6
13 79 4.4
13 80 3.2
13 81 1.9
13 82 4.8
13 83 4.7
13 84 4.8
13 85 2.9
13 86 4.6
13 87 4.0
13 88 4.3
13 89 1.8
13 90 2.9
13 91 4.1
13 92 4.5
13 93 2.5
13 94 4.0
13 95 4.1
13 96 4.4
13 97 1.9
13 98 3.6
13 99 3.0
13 100 3.9
13 101 1.8
13 102 4.3
13 103 2.5
13 104 3.9
13 105 4.7
13 106 3.4
13 107 4.2
13 108 3.9
13 109 1.1
13 110 4.9
13 111 2.4
13 112 1.5
13 113 4.4
13 114 4.4
13 115 2.9
13 116 1.3
13 117 2.6
13 118 3.2
13 119 3.4
13 120 2.8
13 121 3.0
13 122 2.7
13 123 1.6
13 124 5.0
13 125 4.0
13 126 3.0
13 127 2.6
13 128 4.6
13 129 1.9
13 130 4.8
13 131 1.6
13 132 4.9
13 133 4.6
13 134 4.0
13 135 1.8
13 136 1.6
13 137 4.9
13 138 3.5
13 139 2.4
13 140 2.8
13 141 3.8
13 142 1.0
13 143 2.6
13 144 2.7
13 145 3.5
13 146 4.8
13 147 4.3
13 148 2.6
13 149 3.0
13 150 4.7
13 151 1.5
13 152 4.1
13 153 4.6
13 154 3.6
13 155 3.2
13 156 3.8
13 157 3.6
13 158 1.5
13 159 2.6
13 160 1.8
13 161 4.8
13 162 4.4
13 163 2.2
13 164 4.6
13 165 2.8
13 166 1.1
13 167 1.0
13 168 4.9
13 169 3.4
13 170 4.1
13 171 4.2
13 172 4.1
13 173 3.1
13 174 4.8
13 175 3.5
13 176 4.5
13 177 1.4
13 178 1.6
13 179 4.2
13 180 3.8
13 181 4.2
13 182 1.6
13 183 3.9
13 184 4.6
13 185 2.6
13 186 2.0
13 187 3.6
13 188 1.4
13 189 2.4
13 190 3.8
13 191 1.5
13 192 1.9
13 193 4.3
13 194 1.1
13 195 3.9
13 196 3.2
13 197 1.5
13 198 2.3
13 199 3.6
13 200 4.7
13 201 4.6
13 202 3.7
13 203 4.7
13 204 1.9
13 205 1.1
13 206 4.2
13 207 1.3
13 208 2.7
13 209 3.9
13 210 3.1
13 211 3.5
13 212 4.3
13 213 2.2
13 214 3.3
13 215 4.8
13 216 1.3
13 217 2.5
13 218 3.5
13 219 2.5
13 220 3.2
13 221 4.2
13 222 3.3
13 223 4.4
13 224 1.1
13 225 4.7
13 226 4.9
13 227 1.2
13 228 2.5
13 229 3.0
13 230 2.4
13 231 4.7
13 232 3.0
13 233 1.0
13 234 4.3
13 235 1.9
13 236 3.7
13 237 3.6
13 238 4.2
13 239 4.4
13 240 4.5
13 241 3.7
13 242 1.9
13 243 1.3
13 244 3.3
13 245 1.3
13 246 4.9
13 247 3.9
13 248 2.4
13 249 2.3
13 250 3.2
13 251 4.1
13 252 4.6
13 253 3.5
13 254 1.3
13 255 3.9
13 256 1.4
13 257 3.4
13 258 4.3
13 259 4.9
13 260 3.9
13 261 4.7
13 262 4.0
13 263 3.8
13 264 1.8
13 265 3.0
13 266 1.1
13 267 2.1
13 268 3.0
13 269 2.7
13 270 2.3
13 271 3.1
13 272 1.7
13 273 3.1
13 274 3.3
13 275 2.5
13 276 3.0
13 277 2.1
13 278 4.1
13 279 4.5
13 280 3.3
13 281 3.2
13 282 2.2
13 283 1.6
13 284 1.3
13 285 4.5
13 286 2.4
13 287 2.2
13 288 4.1
13 289 2.8
13 290 2.9
13 291 4.6
13 292 2.6
13 293 1.2
13 294 3.3
13 295 2.2
13 296 2.6
13 297 4.2
13 298 1.5
13 299 3.8
13 300 1.7
13 301 2.9
13 302 2.5
13 303 3.2
13 304 3.1
13 305 1.8
13 306 1.2
13 307 3.4
13 308 3.1
13 309 3.2
13 310 3.2
13 311 2.1
13 312 2.4
14 1 3.1
14 2 1.9
14 3 4.7
14 4 2.0
14 5 2.3
14 6 3.3
14 7 2.0
14 8 2.8
14 9 3.8
14 10 3.2
14 11 2.5
14 12 2.3
14 13 1.3
14 14 1.5
14 15 4.7
14 16 2.7
14 17 4.5
14 18 1.4
14 19 3.7
14 20 4.7
14 21 4.3
14 22 3.8
14 23 3.8
14 24 3.3
14 25 2.2
14 26 2.3
14 27 1.5
14 28 1.6
14 29 2.0
14 30 4.7
14 31 1.3
14 32 3.7
14 33 2.7
14 34 2.9
14 35 1.9
14 36 4.7
14 37 1.4
14 38 3.6
14 39 3.6
14 40 1.9
14 41 1.7
14 42 1.4
14 43 2.1
14 44 2.1
14 45 2.9
14 46 1.4
14 47 3.5
14 48 4.7
14 49 2.0
14 50 2.8
14 51 1.5
14 52 1.9
14 53 4.3
14 54 3.1
14 55 2.4
14 56 1.6
14 57 3.9
14 58 4.4
14 59 2.3
14 60 3.8
14 61 4.9
14 62 4.4
14 63 3.9
14 64 3.6
14 65 1.6
14 66 4.3
14 67 1.4
14 68 4.6
14 69 1.6
14 70 1.3
14 71 3.7
14 72 4.9
14 73 3.9
14 74 3.7
14 75 1.4
14 76 4.0
14 77 3.0
14 78 4.5
14 79 1.7
14 80 1.1
14 81 2.2
14 82 4.6
14 83 1.6
14 84 2.1
14 85 3.5
14 86 4.4
14 87 3.4
14 88 3.3
14 89 3.6
14 90 4.9
14 91 1.4
14 92 1.6
14 93 2.8
14 94 3.1
14 95 4.6
14 96 1.5
14 97 1.6
14 98 2.6
14 99 1.5
14 100 2.2
14 101 4.8
14 102 2.0
14 103 2.6
14 104 2.3
14 105 1.4
14 106 4.5
14 107 3.8
14 108 2.7
14 109 3.0
14 110 3.9
14 111 1.7
14 112 3.6
14 113 1.6
14 114 3.8
14 115 4.3
14 116 3.8
14 117 4.3
14 118 3.0
14 119 1.6
14 120 3.4
14 121 5.0
14 122 4.6
14 123 3.0
14 124 2.8
14 125 4.6
14 126 2.2
14 127 2.1
14 128 2.0
14 129 4.1
14 130 4.5
14 131 3.3
14 132 2.0
14 133 2.0
14 134 4.1
14 135 2.3
14 136 2.2
14 137 1.6
14 138 1.6
14 139 3.4
14 140 3.3
14 141 1.9
14 142 3.4
14 143 4.4
14 144 4.6
14 145 3.1
14 146 1.0
14 147 1.1
14 148 2.8
14 149 1.7
14 150 1.5
14 151 3.8
14 152 2.1
14 153 2.0
14 154 3.0
14 155 3.0
14 156 3.0
14 157 2.0
14 158 3.4
14 159 1.0
14 160 4.9
14 161 4.9
14 162 4.6
14 163 2.7
14 164 2.5
14 165 4.3
14 166 2.7
14 167 2.6
14 168 3.2
14 169 2.0
14 170 1.3
14 171 4.1
14 172 1.4
14 173 4.7
14 174 2.8
14 175 1.9
14 176 4.9
14 177 2.4
14 178 3.7
14 179 2.1
14 180 4.0
14 181 4.6
14 182 1.0
14 183 3.5
14 184 4.6
14 185 3.1
14 186 2.8
14 187 3.2
14 188 3.4
14 189 3.3
14 190 2.3
14 191 1.5
14 192 2.8
14 193 1.4
14 194 3.3
14 195 4.0
14 196 2.2
14 197 3.4
14 198 2.7
14 199 1.5
14 200 1.5
14 201 1.5
14 202 1.3
14 203 2.6
14 204 3.2
14 205 4.1
14 206 1.9
14 207 1.2
14 208 4.6
14 209 2.2
14 210 2.3
14 211 3.4
14 212 2.2
14 213 4.5
14 214 2.3
14 215 4.5
14 216 1.7
14 217 3.1
14 218 1.9
14 219 2.5
14 220 4.3
14 221 1.1
14 222 4.5
14 223 2.6
14 224 3.6
14 225 1.2
14 226 2.8
14 227 2.9
14 228 1.9
14 229 4.7
14 230 1.2
14 231 3.2
14 232 2.8
14 233 3.8
14 234 2.5
14 235 2.7
14 236 3.6
14 237 4.5
14 238 4.4
14 239 2.3
14 240 3.5
14 241 1.1
14 242 2.5
14 243 2.3
14 244 3.0
14 245 2.2
14 246 1.5
14 247 2.3
14 248 1.2
14 249 2.7
14 250 3.0
14 251 3.5
14 252 3.7
14 253 1.1
14 254 5.0
14 255 3.6
14 256 4.5
14 257 1.3
14 258 3.7
14 259 1.3
14 260 3.8
14 261 3.7
14 262 5.0
14 263 2.0
14 264 3.8
14 265 1.3
14 266 3.3
14 267 2.0
14 268 4.2
14 269 1.0
14 270 2.5
14 271 3.5
14 272 1.3
14 273 2.4
14 274 4.1
14 275 4.0
14 276 4.7
14 277 4.4
14 278 4.9
14 279 1.4
14 280 3.0
14 281 1.0
14 282 3.0
14 283 2.3
14 284 2.7
14 285 1.9
14 286 4.9
14 287 4.2
14 288 3.3
14 289 4.5
14 290 2.0
14 291 2.7
14 292 3.6
14 293 1.1
14 294 4.5
14 295 1.3
14 296 2.9
14 297 1.3
14 298 1.8
14 299 2.6
14 300 4.6
14 301 3.7
14 302 3.3
14 303 4.7
14 304 1.8
14 305 2.1
14 306 1.5
14 307 2.7
14 308 4.3
14 309 4.9
14 310 4.9
14 311 3.0
14 312 4.7
15 1 2.5
15 2 2.6
15 3 4.2
15 4 1.9
15 5 2.5
15 6 2.0
15 7 2.8
15 8 1.6
15 9 3.0
15 10 3.4
15 11 4.9
15 12 3.2
15 13 1.1
15 14 1.3
15 15 2.1
15 16 4.1
15 17 3.0
15 18 3.1
15 19 4.0
15 20 3.2
15 21 4.3
15 22 1.1
15 23 3.4
15 24 1.5
15 25 4.8
15 26 1.6
15 27 2.8
15 28 4.5
15 29 4.6
15 30 2.2
15 31 3.7
15 32 2.5
15 33 1.2
15 34 2.3
15 35 1.4
15 36 4.6
15 37 1.6
15 38 1.9
15 39 4.3
15 40 4.7
15 41 3.4
15 42 3.5
15 43 3.6
15 44 2.1
15 45 2.5
15 46 1.7
15 47 3.5
15 48 3.7
15 49 3.4
15 50 4.5
15 51 4.0
15 52 3.9
15 53 3.3
15 54 1.1
15 55 3.0
15 56 3.4
15 57 1.7
15 58 2.0
15 59 1.9
15 60 4.9
15 61 3.2
15 62 2.7
15 63 4.9
15 64 1.2
15 65 4.4
15 66 3.8
15 67 3.0
15 68 3.9
15 69 3.5
15 70 4.7
15 71 2.1
15 72 2.4
15 73 3.8
15 74 1.5
15 75 2.4
15 76 3.3
15 77 2.1
15 78 4.4
15 79 3.8
15 80 2.0
15 81 1.7
15 82 1.0
15 83 4.8
15 84 1.2
15 85 3.3
15 86 3.1
15 87 4.1
15 88 4.6
15 89 5.0
15 90 1.4
15 91 3.5
15 92 3.7
15 93 2.7
15 94 3.5
15 95 3.4
15 96 2.5
15 97 2.4
15 98 1.4
15 99 3.7
15 100 2.2
15 101 2.9
15 102 2.7
15 103 1.8
15 104 3.8
15 105 4.5
15 106 5.0
15 107 3.2
15 108 1.1
15 109 3.0
15 110 4.7
15 111 4.6
15 112 4.5
15 113 1.4
15 114 2.3
15 115 2.2
15 116 2.3
15 117 2.0
15 118 4.2
15 119 3.9
15 120 3.2
15 121 3.6
15 122 1.7
15 123 2.3
15 124 2.3
15 125 2.5
15 126 4.5
15 127 1.8
15 128 1.3
15 129 3.0
15 130 3.3
15 131 3.8
15 132 3.7
15 133 3.2
15 134 2.7
15 135 4.9
15 136 1.0
15 137 4.6
15 138 4.7
15 139 3.0
15 140 4.2
15 141 3.5
15 142 2.7
15 143 1.1
15 144 2.7
15 145 2.7
15 146 4.1
15 147 3.0
15 148 1.6
15 149 2.0
15 150 1.4
15 151 1.2
15 152 3.9
15 153 2.5
15 154 4.6
15 155 3.1
15 156 3.1
15 157 3.8
15 158 4.8
15 159 3.1
15 160 3.1
15 161 3.1
15 162 2.1
15 163 2.0
15 164 2.8
15 165 2.6
15 166 4.5
15 167 1.8
15 168 4.3
15 169 2.4
15 170 4.5
15 171 1.6
15 172 2.3
15 173 1.0
15 174 1.1
15 175 1.6
15 176 1.1
15 177 4.2
15 178 2.9
15 179 2.6
15 180 1.9
15 181 2.9
15 182 1.5
15 183 2.4
15 184 3.3
15 185 1.8
15 186 4.6
15 187 4.8
15 188 2.3
15 189 4.4
15 190 1.1
15 191 4.7
15 192 4.0
15 193 4.3
15 194 1.7
15 195 3.0
15 196 3.5
15 197 3.6
15 198 4.3
15 199 1.7
15 200 1.7
15 201 1.7
15 202 4.3
15 203 3.2
15 204 2.0
15 205 4.1
15 206 1.9
15 207 2.4
15 208 1.4
15 209 2.9
15 210 2.4
15 211 3.7
15 212 4.7
15 213 1.9
15 214 1.3
15 215 1.5
15 216 4.6
15 217 3.5
15 218 5.0
15 219 4.2
15 220 1.7
15 221 4.6
15 222 4.8
15 223 4.2
15 224 4.4
15 225 2.3
15 226 4.0
15 227 1.8
15 228 5.0
15 229 3.7
15 230 4.1
15 231 3.6
15 232 1.9
15 233 3.6
15 234 1.8
15 235 3.2
15 236 2.0
15 237 3.9
15 238 2.9
15 239 4.0
15 240 4.1
15 241 4.3
15 242 3.1
15 243 1.9
15 244 1.6
15 245 4.0
15 246 2.0
15 247 2.2
15 248 3.8
15 249 4.2
15 250 2.5
15 251 1.9
15 252 2.8
15 253 1.2
15 254 4.7
15 255 4.6
15 256 2.6
15 257 4.3
15 258 1.2
15 259 1.7
15 260 1.6
15 261 1.1
15 262 1.9
15 263 3.9
15 264 3.6
15 265 1.6
15 266 1.7
15 267 3.9
15 268 2.6
15 269 4.3
15 270 2.0
15 271 2.3
15 272 2.7
15 273 1.5
15 274 4.2
15 275 2.3
15 276 1.7
15 277 4.8
15 278 3.2
15 279 2.4
15 280 4.5
15 281 4.3
15 282 2.8
15 283 4.7
15 284 1.0
15 285 2.4
15 286 4.6
15 287 2.8
15 288 1.5
15 289 4.7
15 290 3.9
15 291 1.5
15 292 3.6
15 293 3.9
15 294 2.1
15 295 3.1
15 296 1.9
15 297 1.6
15 298 4.4
15 299 4.2
15 300 4.3
15 301 1.7
15 302 4.0
15 303 4.4
15 304 3.7
15 305 1.7
15 306 5.0
15 307 3.5
15 308 1.9
15 309 4.8
15 310 1.3
15 311 2.4
15 312 4.2
16 1 1.5
16 2 1.3
16 3 3.3
16 4 2.5
16 5 1.2
16 6 1.0
16 7 1.8
16 8 2.1
16 9 2.6
16 10 2.5
16 11 1.2
16 12 1.3
16 13 4.1
16 14 4.4
16 15 2.9
16 16 3.0
16 17 4.1
16 18 2.3
16 19 3.2
16 20 4.0
16 21 1.2
16 22 3.4
16 23 4.3
16 24 2.2
16 25 1.2
16 26 3.8
16 27 1.5
16 28 1.3
16 29 4.4
16 30 3.7
16 31 3.0
16 32 2.9
16 33 3.6
16 34 2.2
16 35 2.5
16 36 2.5
16 37 1.7
16 38 3.9
16 39 3.9
16 40 2.2
16 41 4.9
16 42 3.5
16 43 1.1
16 44 1.6
16 45 5.0
16 46 4.4
16 47 4.5
16 48 4.3
16 49 4.5
16 50 3.6
16 51 2.1
16 52 4.8
16 53 2.1
16 54 4.7
16 55 4.6
16 56 3.5
16 57 1.1
16 58 3.7
16 59 4.0
16 60 3.9
16 61 4.0
16 62 1.5
16 63 3.9
16 64 2.9
16 65 4.7
16 66 3.2
16 67 2.2
16 68 3.7
16 69 1.4
16 70 4.6
16 71 4.3
16 72 3.3
16 73 3.2
16 74 4.4
16 75 3.2
16 76 2.4
16 77 1.2
16 78 1.9
16 79 2.6
16 80 4.4
16 81 3.5
16 82 2.5
16 83 2.7
16 84 4.1
16 85 2.4
16 86 4.2
16 87 1.5
16 88 4.1
16 89 1.1
16 90 1.9
16 91 4.9
16 92 1.8
16 93 2.6
16 94 3.1
16 95 1.2
16 96 2.4
16 97 3.7
16 98 1.6
16 99 2.3
16 100 4.9
16 101 1.7
16 102 2.6
16 103 4.9
16 104 4.4
16 105 4.3
16 106 1.5
16 107 3.9
16 108 3.3
16 109 1.4
16 110 1.7
16 111 2.7
16 112 1.8
16 113 1.5
16 114 4.8
16 115 1.7
16 116 1.8
16 117 1.1
16 118 1.8
16 119 2.2
16 120 3.0
16 121 2.6
16 122 4.2
16 123 4.2
16 124 3.8
16 125 4.5
16 126 4.1
16 127 4.0
16 128 4.5
16 129 3.9
16 130 2.8
16 131 2.0
16 132 4.0
16 133 2.7
16 134 4.8
16 135 3.2
16 136 1.0
16 137 3.6
16 138 3.7
16 139 1.5
16 140 1.0
16 141 2.0
16 142 4.9
16 143 3.2
16 144 4.4
16 145 4.7
16 146 1.1
16 147 4.0
16 148 1.3
16 149 4.6
16 150 1.7
16 151 4.9
16 152 4.9
16 153 1.2
16 154 2.6
16 155 1.5
16 156 3.7
16 157 1.6
16 158 3.7
16 159 1.6
16 160 2.0
16 161 2.8
16 162 4.2
16 163 4.7
16 164 1.5
16 165 3.4
16 166 2.9
16 167 1.7
16 168 3.2
16 169 4.6
16 170 2.5
16 171 4.7
16 172 4.7
16 173 2.5
16 174 4.5
16 175 3.6
16 176 3.9
16 177 3.9
16 178 2.2
16 179 4.9
16 180 2.7
16 181 1.2
16 182 2.6
16 183 1.0
16 184 1.6
16 185 2.0
16 186 4.2
16 187 1.2
16 188 1.1
16 189 1.4
16 190 1.2
16 191 2.0
16 192 3.8
16 193 4.4
16 194 4.5
16 195 1.8
16 196 2.8
16 197 4.9
16 198 1.8
16 199 4.1
16 200 1.0
16 201 4.2
16 202 1.6
16 203 3.4
16 204 4.8
16 205 1.3
16 206 2.4
16 207 4.7
16 208 4.7
16 209 1.7
16 210 4.6
16 211 1.1
16 212 4.1
16 213 2.1
16 214 1.0
16 215 3.0
16 216 4.5
16 217 4.1
16 218 1.5
16 219 1.7
16 220 3.3
16 221 3.2
16 222 4.2
16 223 1.2
16 224 3.3
16 225 3.7
16 226 1.4
16 227 1.8
16 228 3.8
16 229 3.1
16 230 2.8
16 231 2.2
16 232 4.8
16 233 2.0
16 234 4.2
16 235 1.5
16 236 2.0
16 237 2.1
16 238 4.5
16 239 4.1
16 240 4.9
16 241 4.9
16 242 3.7
16 243 1.2
16 244 2.2
16 245 1.4
16 246 4.2
16 247 2.1
16 248 3.5
16 249 2.7
16 250 4.2
16 251 2.8
16 252 2.4
16 253 4.0
16 254 2.2
16 255 3.7
16 256 4.6
16 257 3.8
16 258 2.9
16 259 3.5
16 260 2.9
16 261 3.1
16 262 2.7
16 263 1.2
16 264 1.9
16 265 3.7
16 266 2.5
16 267 2.1
16 268 4.1
16 269 4.1
16 270 1.3
16 271 1.0
16 272 3.6
16 273 1.8
16 274 2.1
16 275 4.8
16 276 4.7
16 277 4.6
16 278 1.4
16 279 3.3
16 280 2.8
16 281 3.9
16 282 2.5
16 283 3.0
16 284 1.3
16 285 4.1
16 286 1.1
16 287 4.7
16 288 3.9
16 289 1.8
16 290 4.4
16 291 4.9
16 292 2.8
16 293 4.6
16 294 2.6
16 295 3.7
16 296 4.7
16 297 2.8
16 298 4.0
16 299 3.4
16 300 1.0
16 301 4.0
16 302 3.3
16 303 1.7
16 304 1.4
16 305 3.1
16 306 3.4
16 307 2.3
16 308 4.1
16 309 1.4
16 310 4.5
16 311 3.8
16 312 4.9
